procs -----------memory---------- ---swap-- -----io---- -system-- -------cpu-------
 r  b   swpd   free   buff  cache   si   so    bi    bo   in   cs us sy id wa st gu
 0  0      0 95514300  25140 1027216    0    0     2   588 29147    3  0  0 99  0  0  0
 0  0      0 95514060  25140 1027224    0    0     0     0  751  433  0  0 100  0  0  0
 0  0      0 95513808  25140 1027232    0    0     0    20  781  530  0  0 100  0  0  0
 0  0      0 95512852  25140 1027240    0    0     0     0  629  417  0  0 100  0  0  0
 0  0      0 95512096  25140 1027244    0    0     0     0  316  224  0  0 100  0  0  0
 0  0      0 95511844  25140 1027260    0    0     0     0  200  215  0  0 100  0  0  0
 0  0      0 95511844  25140 1027280    0    0     0     0  104  117  0  0 100  0  0  0
 0  0      0 95511844  25140 1027300    0    0     0    12  123  133  0  0 100  0  0  0
 0  0      0 95511844  25140 1027316    0    0     0     0  130  165  0  0 100  0  0  0
 0  0      0 95511844  25140 1027340    0    0     0     0  219  247  0  0 100  0  0  0
 1  0      0 95509076  25140 1027360    0    0     0     0  604  272  0  0 100  0  0  0
 5  0      0 95422488  25140 1028268    0    0     0     0 193419 47133  1  2 97  0  0  0
 1  0      0 95420388  25140 1028328    0    0     0   306 1101061 248199  8 11 81  0  0  0
 8  0      0 95418876  25140 1028352    0    0     0    19 1103902 250860  8 12 80  0  0  0
 5  0      0 95418116  25140 1028372    0    0     0     0 1099619 248688  7 10 82  0  0  0
 5  0      0 95417104  25140 1028392    0    0     0     0 1100024 249390  8 12 80  0  0  0
 6  0      0 95416348  25140 1028412    0    0     0     0 1101226 248217  9 12 79  0  0  0
 4  0      0 95417616  25140 1028432    0    0     0     0 1102185 248278  8 13 80  0  0  0
 8  0      0 95402024  25140 1043328    0    0     0     7 1097130 250655  8 11 82  0  0  0
 9  0      0 95399492  25140 1045536    0    0     0     0 1100586 251114  8 11 81  0  0  0
 7  0      0 95398232  25140 1046276    0    0     0     0 1101770 253300  8 12 80  0  0  0
procs -----------memory---------- ---swap-- -----io---- -system-- -------cpu-------
 r  b   swpd   free   buff  cache   si   so    bi    bo   in   cs us sy id wa st gu
 5  0      0 95395772  25140 1049584    0    0     0     0 1109237 255220  8 12 81  0  0  0
 6  0      0 95394008  25140 1050896    0    0     0     0 1100209 251409  7 11 82  0  0  0
11  0      0 95391748  25140 1052996    0    0     0     7 1105098 251230  8 11 81  0  0  0
 8  0      0 95391496  25140 1053020    0    0     0     0 1105115 249925  8 11 81  0  0  0
 1  0      0 95386212  25140 1057972    0    0     0     0 1112249 256076  9 12 79  0  0  0
15  0      0 95383452  25140 1060320    0    0     0     0 1103057 256170  7 11 82  0  0  0
 8  0      0 95380428  25140 1062532    0    0     0     3 1108569 254936  8 12 81  0  0  0
 8  0      0 95377632  25140 1064808    0    0     0    11 1105665 253769  8 11 81  0  0  0
 6  0      0 95375868  25140 1066816    0    0     0     0 1105959 257377  7 11 82  0  0  0
10  0      0 95373852  25140 1068368    0    0     0     0 1109784 259636  8 12 80  0  0  0
 6  0      0 95371336  25140 1070216    0    0     0     0 1111522 258415  8 12 80  0  0  0
10  0      0 95367556  25140 1073492    0    0     0     0 1116087 258418  8 12 79  0  0  0
 1  0      0 95366544  25140 1074488    0    0     0     7 1115380 259978  7 12 81  0  0  0
 3  0      0 95363020  25140 1077880    0    0     0     0 1110074 254572  8 13 79  0  0  0
 2  0      0 95363268  25140 1079664    0    0     0     0 1110852 257481  7 12 81  0  0  0
 8  0      0 95360740  25140 1082108    0    0     0     0 1110901 261540  8 12 80  0  0  0
14  0      0 95358720  25140 1084080    0    0     0     0 1111502 258259  7 11 81  0  0  0
 8  0      0 95357704  25140 1085416    0    0     0     7 1117315 257847  9 12 79  0  0  0
10  0      0 95354204  25140 1088624    0    0     0     0 1113475 257003  8 11 81  0  0  0
 4  0      0 95354200  25140 1088644    0    0     0     0 1108134 255561  8 12 79  0  0  0
 7  0      0 95350172  25140 1093044    0    0     0     0 1107960 258963  8 10 82  0  0  0
procs -----------memory---------- ---swap-- -----io---- -system-- -------cpu-------
 r  b   swpd   free   buff  cache   si   so    bi    bo   in   cs us sy id wa st gu
19  0      0 95347884  25140 1095280    0    0     0    24 1106456 258187  8 12 79  0  0  0
 1  0      0 95345356  25140 1097476    0    0     0    11 1104881 257883  8 11 81  0  0  0
 4  0      0 95342836  25140 1099304    0    0     0     0 1104009 256444  8 12 80  0  0  0
 5  0      0 95340576  25140 1102024    0    0     0     0 1108145 256451  7 12 81  0  0  0
 9  0      0 95338304  25140 1104184    0    0     0     0 1108922 256040  9 12 79  0  0  0
 7  0      0 95336044  25140 1106288    0    0     0   695 1107853 257318  8 12 80  0  0  0
 8  0      0 95333284  25140 1108360    0    0     0    11 1107190 255865  7 12 81  0  0  0
 6  0      0 95332532  25140 1109788    0    0     0     0 1105169 257364  7 10 83  0  0  0
 8  0      0 95329748  25140 1112392    0    0     0     0 1107332 256014  9 11 80  0  0  0
 6  0      0 95327248  25140 1114776    0    0     0     0 1102195 253743  8 12 80  0  0  0
14  1      0 95326752  25140 1115408    0    0     0 44948 1102367 253184  8 11 81  0  0  0
 5  0      0 95324836  25140 1119204    0    0     0 33212 1100915 250725  7 11 82  0  0  0
12  0      0 95322332  25140 1121240    0    0     0    24 1099384 252260  8 12 80  0  0  0
 1  0      0 95320312  25140 1123168    0    0     0     0 1102180 251615  8 12 81  0  0  0
 3  0      0 95318052  25140 1124960    0    0     0     0 1099607 251653  9 13 79  0  0  0
 8  0      0 95315784  25140 1127460    0    0     0     0 1103911 252187  8 12 80  0  0  0
10  0      0 95313512  25140 1129272    0    0     0     0 1104171 252770  8 11 81  0  0  0
11  0      0 95311752  25140 1131044    0    0     0     7 1103231 254976  8 12 80  0  0  0
 9  0      0 95309228  25140 1133596    0    0     0     0 1100408 253882  8 12 80  0  0  0
 4  0      0 95306956  25140 1135640    0    0     0     0 1107524 254659  8 12 80  0  0  0
 8  0      0 95304684  25140 1138052    0    0     0     0 1100384 252494  8 11 81  0  0  0
procs -----------memory---------- ---swap-- -----io---- -system-- -------cpu-------
 r  b   swpd   free   buff  cache   si   so    bi    bo   in   cs us sy id wa st gu
 6  0      0 95303932  25140 1138676    0    0     0     0 1097997 251618  8 11 81  0  0  0
 9  0      0 95300676  25140 1141896    0    0     0     7 1105410 254411  8 12 80  0  0  0
11  0      0 95298652  25140 1143700    0    0     0     0 1104738 253692  8 12 79  0  0  0
11  0      0 95295884  25140 1146532    0    0     0     0 1107632 252466  8 11 81  0  0  0
 2  0      0 95294404  25140 1148064    0    0     0     0 1102362 255000  8 11 81  0  0  0
 8  0      0 95292636  25140 1150052    0    0     0     0 1103511 254118  8 12 80  0  0  0
