procs -----------memory---------- ---swap-- -----io---- -system-- -------cpu-------
 r  b   swpd   free   buff  cache   si   so    bi    bo   in   cs us sy id wa st gu
 0  0      0 95904356  23564 789504    0    0     2    84 33979    6  0  0 100  0  0  0
 0  0      0 95903852  23564 789520    0    0     0     0  577  389  0  0 100  0  0  0
 0  0      0 95903600  23564 789524    0    0     0     0  635  317  0  0 100  0  0  0
 0  0      0 95903096  23564 789528    0    0     0     0  466  302  0  0 100  0  0  0
 0  0      0 95902872  23564 789532    0    0     0     0  343  262  0  0 100  0  0  0
 0  0      0 95902872  23568 789532    0    0     0    11  237  266  0  0 100  0  0  0
 0  0      0 95902872  23568 789532    0    0     0     0   98  118  0  0 100  0  0  0
 7  0      0 95853796  23580 789604    0    0     0   576 49985 45872  0  1 99  0  0  0
12  0      0 95843848  23580 789764    0    0     0     4 1583639 1563502  4 18 79  0  0  0
26  0      0 95841360  23580 789764    0    0     0     0 1605366 1597285  3 17 79  0  0  0
 4  0      0 95838584  23580 789768    0    0     0     0 1611150 1601217  3 17 80  0  0  0
 7  0      0 95835016  23580 789768    0    0     0     0 1589971 1578577  3 17 79  0  0  0
22  0      0 95833264  23580 789768    0    0     0     0 1616656 1609030  3 16 80  0  0  0
 3  0      0 95830556  23580 789768    0    0     0    14 1597952 1588371  3 17 80  0  0  0
 4  0      0 95828720  23580 789772    0    0     0     0 1576833 1562488  4 19 77  0  0  0
 4  0      0 95827160  23580 789772    0    0     0     0 1603285 1591834  4 17 79  0  0  0
19  0      0 95825476  23580 789776    0    0     0     0 1598754 1587693  4 17 79  0  0  0
 5  0      0 95820256  23580 789776    0    0     0     0 1604590 1594335  4 17 79  0  0  0
23  0      0 95819144  23580 789776    0    0     0     5 1582589 1566724  4 18 78  0  0  0
12  0      0 95819952  23580 789776    0    0     0     0 1596959 1585393  4 18 78  0  0  0
 3  0      0 95818728  23580 789776    0    0     0     0 1622087 1612648  3 17 79  0  0  0
procs -----------memory---------- ---swap-- -----io---- -system-- -------cpu-------
 r  b   swpd   free   buff  cache   si   so    bi    bo   in   cs us sy id wa st gu
 6  0      0 95819028  23580 789776    0    0     0     0 1618495 1609532  4 18 78  0  0  0
11  0      0 95816900  23580 789776    0    0     0     0 1616676 1609204  3 17 80  0  0  0
 5  0      0 95816828  23580 789780    0    0     0     5 1631063 1621371  4 17 79  0  0  0
22  0      0 95817560  23580 789780    0    0     0     0 1612685 1598649  4 17 79  0  0  0
10  0      0 95817712  23580 789780    0    0     0     0 1598361 1583275  4 18 78  0  0  0
10  0      0 95817052  23580 789784    0    0     0     0 1588403 1573840  4 18 78  0  0  0
12  0      0 95817064  23580 789784    0    0     0     0 1617045 1609864  4 18 78  0  0  0
 2  0      0 95817172  23584 789784    0    0     0     5 1613736 1603661  4 19 77  0  0  0
19  0      0 95817460  23584 789784    0    0     0     0 1608583 1598548  4 20 76  0  0  0
18  0      0 95816768  23584 789788    0    0     0     0 1615474 1603730  4 19 77  0  0  0
12  0      0 95817392  23584 789788    0    0     0     0 1633204 1623686  4 18 78  0  0  0
 7  0      0 95816928  23584 789788    0    0     0     0 1609352 1600219  4 18 79  0  0  0
13  0      0 95817212  23588 789784    0    0     0     5 1624561 1618795  4 18 77  0  0  0
16  0      0 95818604  23588 789788    0    0     0     0 1616346 1607889  3 16 80  0  0  0
 2  0      0 95819628  23588 789792    0    0     0     0 1617018 1606650  3 17 80  0  0  0
15  0      0 95819688  23588 789792    0    0     0     0 1606482 1596392  4 19 77  0  0  0
 1  0      0 95818056  23588 789796    0    0     0     0 1584182 1571847  3 20 77  0  0  0
12  0      0 95818180  23588 789796    0    0     0    29 1583544 1568278  4 18 78  0  0  0
 8  0      0 95818176  23588 789796    0    0     0    14 1582189 1566743  4 19 77  0  0  0
 1  0      0 95817212  23588 789796    0    0     0     0 1585362 1571251  4 18 78  0  0  0
13  0      0 95820412  23588 789796    0    0     0     0 1589818 1576444  4 19 77  0  0  0
procs -----------memory---------- ---swap-- -----io---- -system-- -------cpu-------
 r  b   swpd   free   buff  cache   si   so    bi    bo   in   cs us sy id wa st gu
18  0      0 95818540  23588 789804    0    0     0     0 1621696 1613099  4 17 79  0  0  0
 0  0      0 95818404  23588 789804    0    0     0    39 1614358 1601040  4 16 81  0  0  0
 8  0      0 95818824  23588 789804    0    0     0     8 1603095 1589173  4 19 77  0  0  0
 7  0      0 95819340  23588 789804    0    0     0     0 1563354 1545662  4 19 77  0  0  0
 7  0      0 95818536  23588 789804    0    0     0     0 1589192 1575506  4 18 78  0  0  0
11  0      0 95819392  23588 789804    0    0     0     0 1574987 1557716  4 18 77  0  0  0
24  0      0 95816400  23588 789812    0    0     0     0 1576355 1560630  3 16 81  0  0  0
14  0      0 95818296  23588 789812    0    0     0     5 1580227 1567584  4 20 76  0  0  0
 3  0      0 95818572  23588 789812    0    0     0     0 1556892 1539664  5 19 76  0  0  0
18  0      0 95817520  23588 789816    0    0     0     0 1571954 1553823  4 20 76  0  0  0
 2  0      0 95818652  23588 789816    0    0     0     0 1579366 1561765  4 18 79  0  0  0
11  0      0 95817704  23588 789816    0    0     0     0 1580524 1568499  4 19 77  0  0  0
 6  0      0 95817612  23588 789820    0    0     0     5 1559735 1541276  4 19 77  0  0  0
22  0      0 95817792  23588 789820    0    0     0     0 1578717 1563996  4 19 77  0  0  0
17  0      0 95817728  23588 789820    0    0     0     0 1554354 1534687  4 18 77  0  0  0
 4  0      0 95817512  23588 789824    0    0     0     0 1584110 1572373  4 18 78  0  0  0
 8  0      0 95817116  23588 789824    0    0     0     0 1568970 1551385  4 20 76  0  0  0
 3  0      0 95817080  23588 789824    0    0     0     5 1552720 1534289  4 19 77  0  0  0
10  0      0 95817024  23588 789828    0    0     0     0 1580862 1567036  5 19 76  0  0  0
11  0      0 95817616  23588 789828    0    0     0     0 1567989 1551780  4 18 78  0  0  0
11  0      0 95817668  23588 789832    0    0     0     0 1604863 1594145  4 17 79  0  0  0
procs -----------memory---------- ---swap-- -----io---- -system-- -------cpu-------
 r  b   swpd   free   buff  cache   si   so    bi    bo   in   cs us sy id wa st gu
19  0      0 95816424  23588 789832    0    0     0     0 1582303 1566865  4 19 77  0  0  0
 7  0      0 95816528  23592 789828    0    0     0     5 1557425 1538668  5 22 73  0  0  0
18  0      0 95816700  23592 789832    0    0     0     0 1562515 1546783  4 17 78  0  0  0
14  0      0 95817288  23592 789832    0    0     0     0 1589552 1576618  4 18 77  0  0  0
 0  0      0 95816812  23592 789832    0    0     0     0 1596899 1584006  4 19 77  0  0  0
 7  0      0 95815420  23592 789836    0    0     0    29 1586021 1570400  4 20 76  0  0  0
