procs -----------memory---------- ---swap-- -----io---- -system-- -------cpu-------
 r  b   swpd   free   buff  cache   si   so    bi    bo   in   cs us sy id wa st gu
 0  0      0 95372396  25156 1175120    0    0     2   609 31355    3  0  0 99  0  0  0
 0  0      0 95371640  25156 1175128    0    0     0     0  748  429  0  0 100  0  0  0
 0  0      0 95371640  25156 1175136    0    0     0    19  863  572  0  0 100  0  0  0
 0  0      0 95370924  25156 1175140    0    0     0     0  678  425  0  0 100  0  0  0
 0  0      0 95370448  25156 1175208    0    0     0     0  297  225  0  0 100  0  0  0
 0  0      0 95370448  25156 1175224    0    0     0     0  209  228  0  0 100  0  0  0
 0  0      0 95370448  25156 1175244    0    0     0     0  112  124  0  0 100  0  0  0
 0  0      0 95370448  25156 1175264    0    0     0    12  171  223  0  0 100  0  0  0
 0  0      0 95370448  25156 1175280    0    0     0     0  123  159  0  0 100  0  0  0
 0  0      0 95370196  25156 1175304    0    0     0     0  321  267  0  0 100  0  0  0
 0  0      0 95282848  25156 1176192    0    0     0     0 5198  416  0  0 100  0  0  0
19  0      0 95268508  25156 1176272    0    0     0     0 843326 200076 10  9 81  0  0  0
 9  0      0 95265340  25156 1176292    0    0     0     0 1075762 252416 12 11 76  0  0  0
 1  0      0 95266960  25156 1176316    0    0     0    13 1075147 253637 12 12 76  0  0  0
 6  0      0 95266748  25156 1176336    0    0     0     0 1074338 253377 12 11 77  0  0  0
 6  0      0 95256764  25156 1188736    0    0     0     0 1074492 252925 11 11 78  0  0  0
 7  0      0 95250376  25156 1190872    0    0     0     0 1071723 251953 13 12 75  0  0  0
14  0      0 95249500  25156 1193824    0    0     0     0 1071866 251861 12 12 76  0  0  0
10  0      0 95246104  25156 1195440    0    0     0     8 1080047 253186 12 11 77  0  0  0
 9  0      0 95242588  25156 1199216    0    0     0     0 1074530 254332 12 12 76  0  0  0
21  0      0 95238156  25156 1201032    0    0     0     0 1081039 254709 12 12 76  0  0  0
procs -----------memory---------- ---swap-- -----io---- -system-- -------cpu-------
 r  b   swpd   free   buff  cache   si   so    bi    bo   in   cs us sy id wa st gu
13  0      0 95237456  25156 1204080    0    0     0     0 1084653 255190 12 12 75  0  0  0
 3  0      0 95230968  25156 1207472    0    0     0     0 1082220 256230 12 11 78  0  0  0
14  0      0 95228552  25156 1209768    0    0     0     8 1079381 254439 12 11 76  0  0  0
 9  0      0 95225156  25156 1212076    0    0     0     0 1080674 256338 13 11 76  0  0  0
15  0      0 95221484  25156 1215112    0    0     0     0 1085599 257915 14 11 75  0  0  0
 1  0      0 95218936  25156 1217760    0    0     0     0 1081972 255154 13 12 75  0  0  0
 9  0      0 95217612  25156 1219824    0    0     0    11 1079685 255394 11 12 77  0  0  0
13  0      0 95212600  25156 1222328    0    0     0    18 1082033 256515 12 12 76  0  0  0
 8  0      0 95214232  25156 1225232    0    0     0     0 1083055 257938 13 12 75  0  0  0
 9  0      0 95212028  25156 1227332    0    0     0     0 1082523 257568 12 11 77  0  0  0
19  0      0 95209368  25156 1230220    0    0     0     0 1085209 257863 11 11 77  0  0  0
 7  0      0 95201524  25156 1232904    0    0     0    10 1087797 258437 13 11 76  0  0  0
13  0      0 95199244  25156 1235756    0    0     0    10 1081207 258899 12 10 78  0  0  0
16  0      0 95201916  25156 1238056    0    0     0     0 1084193 257652 13 11 76  0  0  0
17  0      0 95198240  25156 1240368    0    0     0     0 1084252 257996 12 11 77  0  0  0
 1  0      0 95193712  25156 1242996    0    0     0     0 1083177 257777 12 11 77  0  0  0
 4  0      0 95191520  25156 1245344    0    0     0   657 1080974 257910 12 11 77  0  0  0
 7  0      0 95188816  25156 1248088    0    0     0    12 1082435 257993 13 12 75  0  0  0
18  0      0 95183600  25156 1250224    0    0     0     0 1077616 257448 13 11 76  0  0  0
12  0      0 95182544  25156 1252752    0    0     0     0 1082648 256888 12 11 76  0  0  0
 6  0      0 95184396  25156 1255828    0    0     0     0 1082455 258435 13 11 76  0  0  0
procs -----------memory---------- ---swap-- -----io---- -system-- -------cpu-------
 r  b   swpd   free   buff  cache   si   so    bi    bo   in   cs us sy id wa st gu
14  1      0 95180556  25156 1258316    0    0     0 53248 1084890 257656 11 12 77  0  0  0
14  0      0 95178040  25156 1259348    0    0     0 20640 1079701 257846 11 10 78  0  0  0
19  0      0 95168948  25156 1263408    0    0     0     0 1080106 257152 11 11 79  0  0  0
15  0      0 95171780  25156 1265976    0    0     0     0 1080348 256700 12 11 76  0  0  0
13  0      0 95168360  25156 1267960    0    0     0     0 1078996 256890 13 11 76  0  0  0
11  0      0 95162708  25156 1270708    0    0     0     0 1085693 258710 13 11 75  0  0  0
 1  0      0 95162716  25156 1272592    0    0     0     8 1078471 257887 11 11 79  0  0  0
 9  0      0 95165816  25156 1274116    0    0     0     0 1076370 257727 12 11 77  0  0  0
 8  0      0 95155056  25156 1278508    0    0     0     0 1080660 256638 10 11 79  0  0  0
13  0      0 95157332  25156 1280920    0    0     0     0 1085761 258210 12 11 77  0  0  0
10  0      0 95152920  25156 1283584    0    0     0     0 1083168 258599 12 12 77  0  0  0
 3  0      0 95149684  25156 1285792    0    0     0     8 1080048 256149 12 11 77  0  0  0
19  0      0 95150772  25156 1287924    0    0     0     0 1082591 257939 12 11 76  0  0  0
13  0      0 95150844  25156 1290468    0    0     0     0 1083359 258814 10 11 79  0  0  0
16  0      0 95138912  25156 1293536    0    0     0     0 1086627 260047 11 10 78  0  0  0
16  0      0 95146228  25156 1295304    0    0     0     0 1084362 257837 12 11 76  0  0  0
10  0      0 95140060  25156 1298352    0    0     0    63 1086350 257394 12 11 77  0  0  0
11  0      0 95135884  25156 1301512    0    0     0     0 1085091 259300 11 11 77  0  0  0
11  0      0 95131968  25156 1303104    0    0     0     0 1076968 257703 13 11 76  0  0  0
12  0      0 95135116  25156 1306424    0    0     0     0 1083065 259135 11 11 78  0  0  0
10  0      0 95127264  25156 1308784    0    0     0     0 1080036 258547 11 10 78  0  0  0
procs -----------memory---------- ---swap-- -----io---- -system-- -------cpu-------
 r  b   swpd   free   buff  cache   si   so    bi    bo   in   cs us sy id wa st gu
16  0      0 95127400  25156 1310964    0    0     0    14 1083103 259019 12 11 77  0  0  0
17  0      0 95122444  25156 1313320    0    0     0     0 1084520 259881 12 11 77  0  0  0
16  0      0 95121276  25156 1315760    0    0     0     0 1084818 259666 13 11 76  0  0  0
18  0      0 95118648  25156 1318408    0    0     0     0 1083101 259657 12 11 76  0  0  0
 7  0      0 95117064  25156 1321624    0    0     0     0 1087465 259154 11 11 78  0  0  0
 2  0      0 95112372  25156 1323732    0    0     0   611 1086024 259120 13 11 76  0  0  0
