procs -----------memory---------- ---swap-- -----io---- -system-- -------cpu-------
 r  b   swpd   free   buff  cache   si   so    bi    bo   in   cs us sy id wa st gu
 0  0      0 95675148  25116 854840    0    0     2   565 26971    3  0  0 99  0  0  0
 0  0      0 95675512  25116 854848    0    0     0     0  680  351  0  0 100  0  0  0
 0  0      0 95675524  25116 854852    0    0     0    60  801  534  0  0 100  0  0  0
 0  0      0 95675020  25116 854860    0    0     0     0  761  429  0  0 100  0  0  0
 0  0      0 95681384  25116 854864    0    0     0     0  371  307  0  0 100  0  0  0
 0  0      0 95681384  25116 854880    0    0     0     0  110  134  0  0 100  0  0  0
 0  0      0 95681132  25116 854900    0    0     0     0  161  228  0  0 100  0  0  0
 0  0      0 95681132  25116 854920    0    0     0    12  224  244  0  0 100  0  0  0
 0  0      0 95681132  25116 854936    0    0     0     0  106  122  0  0 100  0  0  0
 0  0      0 95681132  25116 854960    0    0     0     0  340  231  0  0 100  0  0  0
 7  0      0 95593540  25116 855932    0    0     0     0 115785 28213  1  2 98  0  0  0
 4  0      0 95591228  25116 856012    0    0     0     0 1064623 234090  7 11 83  0  0  0
 5  0      0 95590216  25116 856032    0    0     0     0 1075874 235646  7 12 81  0  0  0
 5  0      0 95590204  25116 856052    0    0     0    12 1078561 235933  7 11 82  0  0  0
 7  0      0 95589952  25116 856076    0    0     0     0 1077338 235193  7 10 83  0  0  0
11  0      0 95578856  25116 866380    0    0     0     0 1074654 235764  8 11 82  0  0  0
 8  0      0 95576088  25116 869088    0    0     0     0 1073799 234046  6 11 83  0  0  0
 7  0      0 95574852  25116 870448    0    0     0     0 1074035 233742  7 11 82  0  0  0
 5  0      0 95571060  25116 872984    0    0     0     7 1076697 234853  7 11 81  0  0  0
11  0      0 95568792  25116 875344    0    0     0     0 1077092 235541  7 11 81  0  0  0
 6  0      0 95567024  25116 877136    0    0     0     0 1075123 235204  7 11 82  0  0  0
procs -----------memory---------- ---swap-- -----io---- -system-- -------cpu-------
 r  b   swpd   free   buff  cache   si   so    bi    bo   in   cs us sy id wa st gu
 7  0      0 95563996  25116 879916    0    0     0     0 1079874 237217  7 11 82  0  0  0
11  0      0 95562060  25116 882404    0    0     0 24091 1081773 237879  7 11 82  0  0  0
13  0      0 95560336  25116 883760    0    0     0    17 1076252 237528  7 12 81  0  0  0
 5  0      0 95558572  25116 885316    0    0     0     0 1078023 234700  6 10 84  0  0  0
 2  0      0 95555796  25116 887856    0    0     0     0 1077229 235083  7 11 82  0  0  0
15  0      0 95554024  25116 889904    0    0     0     0 1077131 234383  7 12 81  0  0  0
 7  0      0 95551240  25116 892796    0    0     0     3 1078822 237020  7 10 82  0  0  0
11  0      0 95548968  25116 895092    0    0     0    12 1078407 235195  7 12 81  0  0  0
 9  0      0 95546692  25116 897232    0    0     0     0 1078502 236072  7 12 81  0  0  0
 6  0      0 95544672  25116 899304    0    0     0     0 1083204 235351  8 12 81  0  0  0
 5  0      0 95541900  25116 901692    0    0     0     0 1084528 236363  8 12 80  0  0  0
 8  0      0 95541400  25116 902292    0    0     0     0 1081989 235743  8 12 80  0  0  0
10  0      0 95538376  25116 905400    0    0     0     7 1076888 235634  7 12 81  0  0  0
 4  0      0 95535852  25116 907732    0    0     0     0 1081351 236256  8 12 81  0  0  0
 3  0      0 95535096  25116 908780    0    0     0     0 1082348 235817  8 12 81  0  0  0
 7  0      0 95531832  25116 911684    0    0     0     0 1083038 235585  8 11 81  0  0  0
10  0      0 95529816  25116 914016    0    0     0     0 1077134 235200  7 11 81  0  0  0
15  0      0 95527548  25116 916368    0    0     0     7 1082488 237857  8 12 80  0  0  0
 4  0      0 95525784  25116 917612    0    0     0     0 1082449 238788  6 12 82  0  0  0
10  0      0 95522504  25116 920864    0    0     0     0 1082680 237980  7 11 82  0  0  0
12  0      0 95521996  25116 921332    0    0     0     0 1076126 235013  8 10 82  0  0  0
procs -----------memory---------- ---swap-- -----io---- -system-- -------cpu-------
 r  b   swpd   free   buff  cache   si   so    bi    bo   in   cs us sy id wa st gu
10  0      0 95518716  25116 923880    0    0     0     0 1078675 235062  8 12 80  0  0  0
13  0      0 95516452  25116 926672    0    0     0     7 1080709 237384  7 12 81  0  0  0
12  0      0 95513692  25116 929472    0    0     0     0 1076501 234794  7 12 81  0  0  0
 8  0      0 95513448  25116 929784    0    0     0     0 1081686 236166  7 11 82  0  0  0
 7  0      0 95509664  25116 933484    0    0     0     0 1079546 236067  7 12 81  0  0  0
11  0      0 95507648  25116 935652    0    0     0     0 1075784 236507  7 11 83  0  0  0
 1  0      0 95507140  25116 935676    0    0     0     7 1075370 236563  7 12 81  0  0  0
11  0      0 95502352  25116 940380    0    0     0     0 1081048 235868  7 11 83  0  0  0
13  0      0 95500588  25116 942008    0    0     0     0 1076566 236789  8 12 81  0  0  0
 7  0      0 95498068  25116 944536    0    0     0     0 1078788 237344  7 11 81  0  0  0
 8  0      0 95496800  25116 945712    0    0     0     0 1079926 235841  7 11 82  0  0  0
 2  0      0 95493520  25116 948760    0    0     0 57834 1082860 238191  7 11 81  0  0  0
 5  0      0 95491500  25116 951100    0    0     0    24 1078200 236236  7 11 82  0  0  0
10  0      0 95490248  25116 952448    0    0     0     0 1078731 237735  6 11 83  0  0  0
12  0      0 95488236  25116 954900    0    0     0     0 1079280 238041  8 11 81  0  0  0
13  0      0 95485964  25116 956968    0    0     0     0 1082089 239524  7 11 82  0  0  0
14  0      0 95483952  25116 959080    0    0     0    43 1083877 237278  7 12 81  0  0  0
 8  0      0 95483444  25116 959100    0    0     0    11 1081818 237832  7 12 81  0  0  0
 9  0      0 95478400  25116 964024    0    0     0     0 1084878 238227  8 11 80  0  0  0
 5  0      0 95477140  25116 965124    0    0     0     0 1083927 239758  8 12 79  0  0  0
 3  0      0 95473616  25116 968708    0    0     0     0 1076342 237907  8 12 80  0  0  0
procs -----------memory---------- ---swap-- -----io---- -system-- -------cpu-------
 r  b   swpd   free   buff  cache   si   so    bi    bo   in   cs us sy id wa st gu
10  1      0 95471844  25116 970460    0    0     0     6 1078888 239831  8 12 80  0  0  0
 5  0      0 95469320  25116 972692    0    0     0     1 1073837 239093  6 10 83  0  0  0
 8  0      0 95469820  25116 972716    0    0     0     0 1079287 239044  7 11 82  0  0  0
 2  0      0 95466220  25116 976924    0    0     0     0 1079096 241603  7 11 82  0  0  0
 4  0      0 95463700  25116 979288    0    0     0     0 1083362 241651  7 11 82  0  0  0
 6  0      0 95461420  25116 981772    0    0     0     0 1078858 238288  7 10 82  0  0  0
