procs -----------memory---------- ---swap-- -----io---- -system-- -------cpu-------
 r  b   swpd   free   buff  cache   si   so    bi    bo   in   cs us sy id wa st gu
 0  0      0 95899300  23608 789612    0    0     2    84 37199    7  0  0 99  0  0  0
 0  0      0 95898572  23608 789620    0    0     0     0  759  423  0  0 100  0  0  0
 0  0      0 95898068  23608 789624    0    0     0     0  488  292  0  0 100  0  0  0
 0  0      0 95897828  23608 789632    0    0     0     0  647  388  0  0 100  0  0  0
 0  0      0 95897828  23608 789636    0    0     0     0  153  144  0  0 100  0  0  0
 0  0      0 95897828  23608 789636    0    0     0    11  205  236  0  0 100  0  0  0
 0  0      0 95897576  23608 789636    0    0     0     0  273  185  0  0 100  0  0  0
 6  0      0 95854256  23632 789912    0    0     0   572 976363 958441  2 11 86  0  0  0
19  0      0 95850368  23632 789920    0    0     0     0 1576975 1547042  4 17 79  0  0  0
 6  0      0 95849072  23632 789920    0    0     0     0 1589464 1563840  4 16 80  0  0  0
18  0      0 95844200  23632 789924    0    0     0     0 1571968 1543128  4 19 77  0  0  0
10  0      0 95843136  23632 789924    0    0     0     0 1598696 1573651  3 17 79  0  0  0
25  0      0 95840128  23640 789924    0    0     0    13 1562360 1529453  3 19 78  0  0  0
14  0      0 95847816  23640 789924    0    0     0     0 1571976 1539262  4 17 79  0  0  0
 6  0      0 95852992  23640 789928    0    0     0     0 1595981 1568972  4 19 78  0  0  0
 9  0      0 95850108  23640 789928    0    0     0     0 1565629 1533798  4 18 78  0  0  0
 8  0      0 95854516  23640 789932    0    0     0     0 1576465 1546506  4 18 78  0  0  0
10  0      0 95850524  23640 789932    0    0     0     5 1610264 1586829  3 17 80  0  0  0
 9  0      0 95847584  23640 789932    0    0     0     0 1582655 1548786  4 18 78  0  0  0
 7  0      0 95846108  23640 789932    0    0     0     0 1594368 1563972  4 17 79  0  0  0
 0  0      0 95846044  23640 789932    0    0     0     0 1559130 1522877  3 19 78  0  0  0
procs -----------memory---------- ---swap-- -----io---- -system-- -------cpu-------
 r  b   swpd   free   buff  cache   si   so    bi    bo   in   cs us sy id wa st gu
 9  0      0 95845868  23640 789932    0    0     0     0 1572999 1539090  4 18 77  0  0  0
17  0      0 95846992  23640 789932    0    0     0     5 1583247 1552246  4 19 77  0  0  0
19  0      0 95848176  23640 789936    0    0     0     0 1572279 1541962  4 18 78  0  0  0
15  0      0 95847860  23640 789936    0    0     0     0 1582030 1551447  4 18 78  0  0  0
 1  0      0 95845972  23640 789936    0    0     0     0 1565036 1532566  4 18 78  0  0  0
10  0      0 95849728  23640 789940    0    0     0     0 1572561 1540772  4 20 77  0  0  0
 1  0      0 95850908  23644 789936    0    0     0     5 1597109 1568326  4 18 78  0  0  0
18  0      0 95849460  23644 789940    0    0     0     0 1589238 1559488  4 19 76  0  0  0
12  0      0 95845044  23644 789944    0    0     0     0 1565001 1533669  4 19 78  0  0  0
15  0      0 95845452  23644 789944    0    0     0     0 1585398 1554543  3 18 79  0  0  0
15  0      0 95848964  23644 789944    0    0     0     0 1568336 1533973  4 19 77  0  0  0
14  0      0 95851556  23644 789944    0    0     0     0 1567390 1535213  4 16 80  0  0  0
 9  0      0 95849764  23648 789944    0    0     0     5 1565896 1533005  3 17 80  0  0  0
 4  0      0 95850704  23648 789944    0    0     0     0 1553083 1518683  3 19 77  0  0  0
 5  0      0 95846588  23648 789948    0    0     0     0 1548716 1513032  4 19 77  0  0  0
16  0      0 95846764  23648 789948    0    0     0     0 1580234 1550844  4 18 78  0  0  0
 4  0      0 95845736  23648 789952    0    0     0    40 1568855 1535545  4 18 79  0  0  0
 8  0      0 95844620  23652 789952    0    0     0    12 1587343 1559088  4 17 79  0  0  0
14  0      0 95845556  23652 789952    0    0     0     0 1558790 1523519  4 19 77  0  0  0
 8  0      0 95842292  23652 789952    0    0     0     0 1563116 1531594  4 18 78  0  0  0
16  0      0 95845644  23652 789952    0    0     0     0 1558289 1527032  4 18 78  0  0  0
procs -----------memory---------- ---swap-- -----io---- -system-- -------cpu-------
 r  b   swpd   free   buff  cache   si   so    bi    bo   in   cs us sy id wa st gu
 5  0      0 95851808  23652 789960    0    0     0    25 1581582 1546957  3 18 79  0  0  0
13  0      0 95850736  23656 789960    0    0     0     7 1575892 1545524  4 19 77  0  0  0
14  0      0 95845336  23656 789960    0    0     0     0 1555931 1520895  4 18 78  0  0  0
 2  0      0 95844968  23656 789960    0    0     0     0 1540842 1506968  4 20 76  0  0  0
 7  0      0 95842492  23656 789960    0    0     0     0 1566304 1532214  4 18 78  0  0  0
15  0      0 95838800  23656 789960    0    0     0     0 1590689 1559851  4 18 78  0  0  0
15  0      0 95841684  23660 789968    0    0     0     5 1551956 1515698  4 18 78  0  0  0
22  0      0 95850364  23660 789968    0    0     0     0 1568747 1537725  5 20 76  0  0  0
 6  0      0 95856020  23660 789968    0    0     0     0 1574097 1545276  3 18 79  0  0  0
 5  0      0 95857372  23660 789968    0    0     0     0 1560721 1528190  4 19 77  0  0  0
 7  0      0 95852060  23660 789972    0    0     0     0 1571485 1542334  4 19 77  0  0  0
 0  0      0 95847224  23660 789972    0    0     0     5 1592890 1566385  4 20 77  0  0  0
19  0      0 95846844  23660 789972    0    0     0     0 1610512 1584690  3 17 79  0  0  0
10  0      0 95845544  23660 789976    0    0     0     0 1551063 1515807  4 20 76  0  0  0
 9  0      0 95844160  23660 789976    0    0     0     0 1551951 1517971  3 17 80  0  0  0
13  0      0 95847788  23660 789976    0    0     0     0 1560474 1527547  3 17 80  0  0  0
 3  0      0 95844336  23664 789976    0    0     0     5 1543815 1508450  4 20 76  0  0  0
 9  0      0 95850548  23664 789980    0    0     0     0 1553759 1522901  4 19 77  0  0  0
11  0      0 95849744  23664 789984    0    0     0     0 1551997 1518889  4 18 78  0  0  0
12  0      0 95846292  23664 789988    0    0     0     0 1571417 1543257  4 18 78  0  0  0
21  0      0 95843872  23664 789988    0    0     0     0 1529921 1491713  4 20 76  0  0  0
procs -----------memory---------- ---swap-- -----io---- -system-- -------cpu-------
 r  b   swpd   free   buff  cache   si   so    bi    bo   in   cs us sy id wa st gu
16  1      0 95843296  23664 789988    0    0     0     4 1580051 1551682  4 17 79  0  0  0
13  0      0 95847088  23664 789988    0    0     0     1 1567649 1537619  4 18 78  0  0  0
17  0      0 95848476  23664 789988    0    0     0     0 1535820 1498149  4 19 77  0  0  0
 5  0      0 95848772  23664 789988    0    0     0     0 1574603 1543577  4 21 75  0  0  0
 8  0      0 95846812  23664 789992    0    0     0    27 1548720 1514114  4 19 77  0  0  0
 6  0      0 95844020  23664 789992    0    0     0     0 1544627 1511848  4 20 77  0  0  0
